------------------------------------------------------------
 Current - Vg = 0.5 V
------------------------------------------------------------
Voltage (V), Current (A)
                   0,        1.4908625e-14
        0.0714285714,       3.37061322e-11
         0.142857143,        4.4370734e-11
         0.214285714,       5.83319038e-11
         0.285714286,       7.48694938e-11
         0.357142857,       9.46921298e-11
         0.428571429,       1.19558458e-10
                 0.5,        1.4923436e-10
         0.571428571,          1.84859e-10
         0.642857143,       2.27386333e-10
         0.714285714,       2.77682625e-10
         0.785714286,       3.36676376e-10
         0.857142857,       4.05192966e-10
         0.928571429,       4.84097266e-10
                   1,       5.74107321e-10

------------------------------------------------------------
 Current - Vg = 0.75 V
------------------------------------------------------------
Voltage (V), Current (A)
                   0,       1.43851138e-14
        0.0714285714,       6.97544085e-10
         0.142857143,       9.14760581e-10
         0.214285714,       1.20108118e-09
         0.285714286,       1.52288603e-09
         0.357142857,       1.92855593e-09
         0.428571429,       2.40586597e-09
                 0.5,       2.97531897e-09
         0.571428571,       3.64747621e-09
         0.642857143,       4.43452201e-09
         0.678571429,       4.87478565e-09
         0.714285714,       5.34805353e-09
                0.75,       5.85566498e-09
         0.785714286,       6.39879845e-09
         0.857142857,       7.59623948e-09
         0.928571429,       8.94867813e-09
                   1,       1.04634478e-08

------------------------------------------------------------
 Current - Vg = 1.0 V
------------------------------------------------------------
Voltage (V), Current (A)
                   0,       1.21788412e-14
        0.0714285714,       1.43908658e-08
         0.142857143,       1.89502525e-08
         0.214285714,       2.44393976e-08
         0.285714286,       3.09703065e-08
         0.357142857,       3.86611126e-08
         0.428571429,       4.76588573e-08
                 0.5,       5.81105883e-08
         0.571428571,       7.01502245e-08
         0.642857143,       8.38941163e-08
         0.678571429,       9.14356409e-08
         0.714285714,       9.94370339e-08
         0.785714286,       1.16851499e-07
         0.857142857,       1.36189467e-07
         0.928571429,       1.57488461e-07
                   1,       1.80780211e-07

