------------------------------------------------------------
 Current - Vg = 0.5 V
------------------------------------------------------------
Voltage (V), Current (A)
                   0,       6.49019193e-15
        0.0714285714,       1.56550655e-12
         0.142857143,       2.20791918e-12
         0.214285714,       2.87380772e-12
         0.285714286,       3.92298218e-12
         0.357142857,        5.0970051e-12
         0.428571429,        6.5776082e-12
                 0.5,        8.5061475e-12
         0.571428571,       1.08646297e-11
         0.642857143,       1.38080366e-11
         0.714285714,       1.74021664e-11
         0.785714286,       2.17597701e-11
         0.857142857,       2.69956012e-11
         0.928571429,       3.32448055e-11
                   1,       4.06013269e-11

------------------------------------------------------------
 Current - Vg = 0.75 V
------------------------------------------------------------
Voltage (V), Current (A)
                   0,       9.18722149e-15
        0.0714285714,       1.22536245e-11
         0.142857143,       1.69242119e-11
         0.214285714,       2.25214882e-11
         0.285714286,       3.01637405e-11
         0.357142857,       3.90650774e-11
         0.428571429,       5.06326454e-11
                 0.5,       6.50665879e-11
         0.571428571,       8.27402584e-11
         0.642857143,        1.0440853e-10
         0.714285714,       1.30688149e-10
         0.785714286,       1.62269428e-10
         0.857142857,       1.99793868e-10
         0.928571429,       2.43909455e-10
                   1,       2.95245026e-10

------------------------------------------------------------
 Current - Vg = 1.0 V
------------------------------------------------------------
Voltage (V), Current (A)
                   0,       5.04826326e-15
        0.0714285714,       9.73394159e-11
         0.142857143,       1.32530337e-10
         0.214285714,       1.78642664e-10
         0.285714286,       2.35601166e-10
         0.357142857,       3.05552597e-10
         0.428571429,       3.94728385e-10
                 0.5,       5.03233948e-10
         0.571428571,       6.35944128e-10
         0.642857143,       7.96691592e-10
         0.714285714,       9.89263892e-10
         0.785714286,       1.21764341e-09
         0.857142857,       1.48565546e-09
         0.928571429,       1.79681027e-09
                   1,       2.15457068e-09

